62.1669395650583
-87.5026521214762
73.93929863997701
26.04443604408037
50.83674432283115
27.535864770196312
-35.34688257395611
12.107076920618809
25.22473015134443
-32.54501043471741
-32.981170310164416
67.0409900914137
14.567770210359129
-31.842853842229985
-97.72236570609843
-41.43593504160453
-58.813254516019136
-74.20856960779454
-55.66104089639198
1.7318474602568017
-62.18144025755182
-86.11778150597483
57.98385700117046
-78.70630825809496
46.93816944348541
-50.05899935497855
20.99360140086786
42.927076827235084
37.945830886227014
53.46970053085579
-9.12815970793747
98.37774326949275
55.2763695620356
31.261871909378982
89.18634196239819
-1.641900419090831
10.763999964466308
-63.834235707220735
99.30059257862186
-35.51095190248962
-9.568619220316705
-80.04563878292481
4.284554675353959
15.825176479213482
-81.79664387451328
97.17246722298322
-19.852062743088254
-97.44007792204621
-15.38800509431772
74.20177961429664
53.632179812356895
49.34439917530139
62.70669678352155
96.26264655788552
-72.18705684514114
-28.346493061793268
-98.04537715299305
64.60724788001144
-16.950133683602388
94.32461829591759
-83.94474386421253
1.2570352765065849
-15.086127033031602
-41.289359676320736
11.821138817733683
76.87531000789036
9.978276449245541
-69.80411576563685
77.37178363714915
36.755597189420655
82.61620829935009
30.791350980657768
-37.15552386695311
-15.157523339221967
-17.88382880291148
-66.83764828687424
25.203593971768214
-35.12436958734149
-27.67135059818223
22.041182183679737
12.893959746181011
23.384241444703306
-57.90334854177355
-47.48027070773778
83.76626706857527
46.745665160355
-36.95180562182879
-56.10064135682799
-16.587191129376734
-27.232747211695056
0.6752870514408187
68.42908885722471
-77.2302431879706
79.04809833459933
0.7726439744106841
-18.417208138116266
67.91690111528939
91.75508953246992
-69.07442396929228
66.61043947870397
-14.60081539796704
-18.77547116893132
42.9082778947932
95.61824919451877
27.6986976748792
95.44272701975086
31.51113015204254
31.08429784471369
-81.6865334202007
-78.88656630128928
20.025069229316458
22.009532676082813
53.23619514388787
-42.68435376821289
18.48591078002282
34.2503754115898
62.84198237715381
28.522710468863465
-64.58445459817744
68.02812869103073
78.95540892097884
28.020152416089616
64.33760056474134
-40.38611358980933
35.23158763313273
-89.18252400550178
-12.199221044871592
76.41955063511597
26.48861823905662
84.77504401690098
-88.3716614862772
93.38816133951218
78.50363151100632
-52.13508706173631
12.425002414931072
90.90973771685256
61.7037213229126
-44.8590028774268
-54.60987424226937
39.111870498914215
12.941187486490776
14.865421184741606
-30.190472924239216
-65.49414674075979
-46.271518685981405
-3.2475374188495607
95.96416018715323
-8.780816434314858
-61.96628304289947
-52.410225548041154
51.30771414903353
60.313712321367916
24.12129199324235
-49.17495872321304
94.33166654516555
41.925374577718486
-62.987356243183534
-61.26704540162675
74.80239103306195
-84.77273834160191
89.24243319278696
93.99309903103537
-56.75976311637078
60.90460343328519
30.429761917530442
30.011755102319512
43.76785640780247
-37.087587051600025
17.91430447153482
-26.299967489344994
-31.07020423331774
44.53435900832264
89.17559561746921
37.91891557067581
83.3300152715901
60.064025763452065
-26.074464584735438
9.383607427302579
4.670053862347288
23.33243793031781
-37.92827880844859
-41.76637332037389
63.50604424416369
-92.94109930886938
-58.5074572630727
69.48719358513466
31.539098979690635
44.49228222691096
96.69807730088854
94.33924704526515
91.12701145518898
0.6258650220119648
-16.22660407620789
-40.846932465604944
-99.02888107999641
28.877653614095237
52.36563922481875
90.94046800906793
-85.48245336184392
-1.4318674343786597
38.38914145640524
-92.19525027656707
20.91404056219106
-44.74686651711672
-29.75036209903209
32.15791943117878
-18.27702592978116
-59.63349396345834
19.206721204894933
-53.89479396580476
-57.40915357945913
66.11712731705845
76.57322919767967
-77.11088190652005
3.296455789029821
-26.366947091355428
53.36336454067535
3.779977049576104
79.16086063681212
87.38627498382064
14.252608881449618
21.807297748423778
12.427122570773179
-8.964730011748486
38.2520397837516
60.27430927393692
-39.05771958597829
-15.747776774572102
-21.118654087706773
75.86681562283394
21.954577752367868
71.48781315027168
-98.63477516855801
21.172128394791926
-1.8590858680471314
-46.57398860276397
-68.77353823220989
-31.771882591662873
50.299953273637186
-38.81111794096004
-92.6270926336884
49.488441529445566
6.57186745971994
87.01545195049394
64.96085783697706
97.74097278608986
73.46668586762001
-52.95865179642972
39.540760563472645
-57.798536195325916
0.03322628328261601
41.40722320480609
96.15029264062193
-49.554787366443676
3.509646422932704
-60.8967695203129
44.19647238412708
-79.12463218864269
-76.32609967902587
6.388906252751553
-82.4570851318804
91.92162984605955
-32.078658198974395
15.254142468447867
18.147371112437625
-87.17964141963964
-15.085228399878929
-68.15720934800675
-27.843505483047807
-37.08787958002085
-52.62488087295782
-40.4775104208279
-26.650530065712758
-86.67263695349574
43.57609643767407
-56.651111020078474
49.861306673782536
-51.20494242348007
15.939206590847661
29.62981682719189
14.460196399344213
66.29457397679545
-3.3215100426792645
92.89771755826553
-73.42125530048332
38.79407287519149
7.293405433787697
17.19188649076591
-79.33564520410059
-26.5185914591507
52.909221943891254
3.1456626500681324
-34.28018872359776
16.793988606330927
6.432999254405971
-52.606580291225846
-56.99308782675913
-30.16283452984078
42.58805100926571
52.687504399887985
42.93395790408084
-33.62561703362765
60.08565349508339
-5.130543515612629
51.3380869065123
57.52124383930175
36.588250909274564
7.7023500146820965
-18.74656179861472
-14.51105788094506
-28.736510094598174
10.920111327860553
11.448749020438996
-81.47887344540976
51.38909879670902
2.8956898967249742
43.025969873660245
42.81638969798405
-48.434112103858084
39.446587739254625
-9.683254784756926
-12.024616222840095
-36.90332394880398
-22.63462213922041
3.528017598915852
-38.4142250467158
83.69514997289292
94.72478925936147
33.66372218991802
24.75204268691691
2.572210832765421
79.52007631748918
53.0976160211012
-94.9680264084451
-28.988144699944257
11.401076387335124
20.641304422468565
86.75843327620925
37.58020081444653
66.0126294782444
-19.922465886884595
15.377723572485948
-93.99124830681423
52.037265222537
84.15742329515396
-93.64993655758441
77.93365594834725
-59.51734527923043
12.953350186791894
-48.46374008267361
-47.93394997154081
-49.94246035345945
51.400969806779614
-24.417050892681374
-76.425290376146
-29.58508549704453
56.55489077631145
-46.34187088643288
-72.8213195562462
-1.4207564766615377
-26.498342271194957
43.810191351831975
40.02280223184397
41.15064011008974
-92.41392444465957
-27.235143225283892
13.955492951886498
-98.13425596716546
5.55858980191806
98.91860717857193
-64.56947911743515
95.37119902454839
-51.36375397041615
11.67803672686128
-75.99579634889764
29.874480483063707
-93.62658196763442
-7.744217527911161
44.246880218501616
-27.4312748235796
48.96714517332944
-80.59578583603529
-28.13118143385796
76.88033095415696
47.63937822898819
-94.02855178063203
-12.476534355653698
41.82335955175728
18.033716137536658
-2.634945652743312
71.69135565482608
68.17267405249768
24.40476488527132
-91.42695404189962
64.79114394858067
-89.6427988957813
-94.00704968441606
-45.04879412476382
74.13779598387785
-37.85874645125994
62.705252954133414
-52.44030354192495
-90.93475611458288
20.534362979482097
85.43031429193465
-89.4079614381343
-14.037223772163145
2.39490070491793
-37.186070874885694
51.785281836886554
-6.464494255587695
48.57608552490177
2.7674019815248556
-49.10754708066003
3.2508929740874493
51.356178685722966
52.181714192117425
31.86689546884358
40.1298918482521
-89.66481778289416
-67.75119955081084
-91.93422942978061
-11.772457282884261
-58.03059169930899
92.55527145813932
-88.5108916966761
2.73285065904858
-94.80252191182343
61.47226531127109
67.76755459968354
47.39777974197537
-48.09169999700585
-52.699130472121354
-96.65350336425635
-47.688281604875016
71.09904548670121
-18.928462136037865
-84.77435018158255
13.07116323759368
-41.33990441511381
37.30780302421553
26.92263327861329
27.563708428090308
82.44665394651082
-26.54548079080203
-67.57517958412654
64.79223843887087
-61.01867899346104
-18.292422927120896
60.5171152206683
24.7013391576248
56.14488011046538
64.54115033361182
56.57992957000616
-99.53930610769396
41.286591506230934
11.306144907747466
91.513887416345
-17.08842772854885
50.74050088913202
24.517548421638807
-7.752603622038208
11.392723541424019
-98.97042298641541
-64.09856796455503
-11.490496393055878
-47.79500400079182
94.34075299386902
72.7121738589891
-67.51833631075841
-38.800654718093874
-24.768913222834897
-85.2669956093966
-45.69811511118809
74.82087592353153
-81.85849999164161
59.20855596624713
92.33961766228992
0.2808444668915371
-21.326121651253715
75.25369086081798
36.29087150855497
-65.36454938601915
-91.05601738721879
48.79787459447883
11.79124848534876
-51.73113446297643
95.09898544992274
53.68377033326951
-91.39446466760452
64.52412892343668
71.66257322377646
27.590731218266654
96.18399366558717
-78.92293230580303
-23.130736743626528
-4.101348809945094
54.07172411404164
37.61382649541545
17.60290009789304
13.29125078082609
-95.18279349207077
-66.39197718649729
35.61413853225025
-90.28314547160787
99.65620953573668
83.07337778763537
-52.78456348589834
11.564425710385876
-0.4236423878109292
-15.95913149228278
-79.01413178956794
57.94978521668807
28.196083720864777
-25.397991633693678
-79.65610994941375
-84.10210441057669
28.376493662771054
10.704517043523737
-82.40148126259515
39.35329250029906
73.86164440487588
17.940019591683523
91.34797788753545
-23.310184349916028
85.489071619459
9.542556064921698
-29.820426241411084
-82.79604054186309
-14.839373768698124
-4.5144471826564825
10.842396556792039
-47.35267560340123
-27.735528036828867
-20.86792882572297
-28.995235883162934
38.49169162031808
-65.18133504557485
57.48514484497028
-18.6791725078035
-24.795590678600405
3.6416594421685033
-57.13950766117289
2.8985188821789336
-73.96854710484321
-90.50541957398198
76.79124240614067
33.199960148520745
-64.16895713851272
46.57808027536518
20.435043573582107
68.74163521860802
-0.11827782733286085
-97.79026117072918
23.520495613813637
83.96286507321656
-97.50504856813002
28.891595419911482
35.93519317728243
-19.86520715051573
-99.79381933798726
43.591472107726815
-87.89036198886593
-66.91877160543518
3.5545457636725786
-22.61807775246821
41.445455114098934
60.90281240684112
78.17149897020846
77.00154035212543
33.47387580828456
7.899522272823162
76.02029553429236
59.67118151470606
50.54323410174959
46.54671742885685
67.59637918677012
-6.056937159065583
-43.3172893446485
60.943321399829955
72.82331910581485
81.74371411173777
71.4644320176283
-49.20772870500001
24.154894204882396
-12.056746665414778
53.58816066458269
69.72115289872568
59.3150217827945
71.56288380341738
-86.41219063960584
-49.25181220716416
39.534897049672395
-25.84115151587926
-8.440425949376277
-11.774792015447659
-20.61249014018685
-39.235630789415744
40.9440125995055
-60.41054984573766
94.8435138886997
-71.31100286325021
93.01719544130248
71.15668299196133
-67.2014832343913
24.501866160194325
68.95864008411701
-8.536684936162402
16.80902769640508
-18.461002650885376
82.19995628213508
3.950800795085158
-92.18001942717471
85.29618027866641
-4.29298686994845
73.48154027642755
-1.7048872549575265
-65.03063122044813
-78.09005872257522
-83.55425772422657
-14.580326115051434
58.97171076339282
97.44451343894215
-90.57891452246295
55.72167362818573
78.5986865770997
-18.64438146289642
46.085597456472726
-30.419023768240123
-99.23086957970209
27.335977799881235
-62.745787931022136
44.89027156722278
59.696442149438155
-29.98155110049133
51.96588921917876
79.90201012226848
1.8023312565881469
45.08353636836796
-16.77444061114194
82.8028132127611
16.857972423014218
21.57740030511161
-57.88020340627069
-96.74709737149398
-16.05364918525035
16.597138958329865
-5.250909414724873
-74.01958767977524
11.743352427959138
52.40171027947298
55.78043412220683
-98.67814276305872
19.169778618574966
-77.94135891736548
-29.77502901562258
88.34711638667952
-73.77053265169754
51.77583552514008
91.244154046869
-96.06135282482083
83.32739546118648
58.25030233629528
19.861249681497583
87.81301127179199
5.964201365580863
21.496469304662426
-75.08898981618182
63.74567475344318
47.460867346944696
10.88881805114859
-95.80016499189668
25.699289015354253
-20.46271652004809
-42.26516836428325
-90.68270325226835
-3.0119297574329806
0.6343677177254108
-98.0058782724691
-23.1114774584358
98.58471685954589
-67.75428790960194
77.81566045145303
-79.82075800179538
-68.13278522721156
69.28772245034935
-28.35645849274306
99.92490597065768
12.05180562662511
19.553118347913554
-53.78320755147524
61.77700411611099
-35.16466847395742
-34.09707310334643
96.29271207204681
-37.640501995403554
0.16640988186300376
32.099498963029816
33.29170724995981
-95.24128911795155
5.061856426793085
-9.274409482849023
-85.14082542859987
39.7588939125458
-93.90754690110103
44.81127492376197
-63.107724004940934
-26.001482515596535
41.31325555095137
-78.03993047123771
33.423037144086805
-29.00413699867397
83.05921916992367
83.53794402607622
-45.85174757328432
31.669609030554824
-92.51122362562978
29.74587964347836
-71.08401142576896
-28.092103511137935
25.24235291650629
11.197106219454241
-10.254602185569055
-67.76095850754574
6.529526182696927
8.109140073931371
-49.12768199533581
-86.9692160687266
-55.90685808840527
55.40308167943874
-82.0420921696546
41.39052999270638
51.023043855569824
59.37525358021969
-62.04992735853881
-12.82612034716928
-39.96365142053163
75.84903974824076
97.10061428933432
31.34101942709694
42.76432187425175
0.6474499128048592
-59.97495286165502
-91.95703733337905
-92.51058576279813
-88.92591939723394
54.88765191048739
37.82119003023075
-98.79368636700963
-95.49076761840412
-7.594160599445061
-7.973439017298361
-27.57376689816536
11.715291585640642
-87.71442882144564
58.8301708730078
-73.32536940152076
89.52390830476017
-74.61115241731105
-60.202576853429235
31.302884468484137
77.20775118898962
-1.8056475100133724
-85.05851309050736
77.19403383191397
-10.89667459525944
98.4947225071931
-74.79932083506105
-31.796274302432437
11.426223773242072
76.1382042319226
98.88284522988036
2.131702891612292
0.09294119667863754
92.8917873617689
1.8802975778841926
-54.481075403504576
-19.055907390572088
49.187508201779565
92.67178512768436
-34.05620685501779
47.06419573494429
60.94123020811995
87.9444268475959
67.28484247219043
-35.858279623025226
22.22034573658385
-40.29037744751683
56.55651016000496
-61.35832926321697
65.93689600282204
59.11328287753895
89.1318514892514
-29.494976405750478
-87.09484487171045
18.883657138274828
24.292431457104357
-47.49812080874021
48.752330871649235
49.99257146846156
-22.31575992066216
34.614213153074616
-92.16365599639884
73.15404078604374
64.5506818613739
6.03913669755643
63.69128747083772
6.2567132088619815
-77.10192360780292
-23.529458196614613
-12.48480431385562
89.73271948738616
80.10042197075694
-98.2194346367472
24.67071997219263
61.14521294885557
-71.24376183899295
58.9247003937721
67.34607078477092
63.56110459359414
-51.41771638366288
-78.29508156436266
-23.636899759823876
55.596200356071904
17.895554712924906
-92.5766132737401
-87.46620816526293
-77.59414891600336
1.082699606699265
-24.584019055861987
7.282958788463361
44.47455189399167
58.91899986142246
-86.02897170280524
-39.07920789862015
90.79258990976615
16.842631398161245
-39.539748867759364
56.15641034960578
-76.17802823715752
-49.13859607146056
76.79040319136828
-61.74127215600632
-37.03428988206866
25.06593825531469
-34.30259597222441
-1.0393443987887991
-80.9539477252187
-63.93523540531063
-52.34464954228357
-0.6465493238747797
-52.73733965714339
33.75588996976421
-46.0274013439321
-11.503097280628566
1.7564778690023672
53.27094809770162
25.86062966187515
-83.96216071395304
-86.6206958827659
-14.095376019410494
-65.97407756651475
82.3867068543968
-96.6195783562118
-25.50771326083118
-33.783090083758864
9.98298670630109
-76.1232351773061
-73.98650132770953
-58.5948357165767
-65.08948046951065
-37.576809123892716
-10.18522768755686
-52.933768719869555
26.382141898564143
33.53348930065215
-31.09549020002386
-93.46631606736514
59.60915841144006
49.109869519765425
0.7127455904673496
70.57990495608183
-24.93898222452914
-47.73809888760471
-55.54376344920311
29.35586978185728
-75.24446983600244
-85.55079325360748
80.00529323704788
-45.28244405299539
-2.676215350011475
-12.441565986928325
86.53223597748777
-69.46250748329912
10.613376978139115
-94.06541650838471
-97.56720969340168
-76.8405509073476
26.566797274428794
4.53220443079816
29.968858291380513
19.212762135645733
-95.34510550803742
93.40972033953747
7.500202817609633
-46.327828963439835
11.797503247762805
5.746579033204611
-38.62565594661312
-93.38261428912293
43.27331080253856
15.103394219234303
79.10266294102308
-44.80585490577196
-82.7055537061326
52.391409292999356
-42.73762020409928
79.82556446447296
-60.38407132047418
-57.031400481719245
-68.75122206693106
30.18826308203316
-37.518211890719
84.07436003166919
-35.746007662148216
2.5451732345601386
-67.69275812790391
-5.619593479493446
-98.85288430324424
18.745762071919515
47.07161707201581
39.28613101098972
5.713078894518816
-41.98810874577058
-34.714339363721365
-10.108943707360396
7.909986427011887
28.966176569911738
-20.298320669819745
48.31655591182252
15.360674222633563
-22.504112740282025
-18.032755478300516
-3.7552775366954876
-14.984655992586468
44.27062438068475
51.213414385548504
-42.6630555385086
-54.03899511044798
40.66275886290836
5.799438108596689
36.00673123076871
51.42652576390026
-57.52324432019295
-59.72374107675801
14.473493543673996
41.04229767855364
-42.89006495051555
-8.80778129622702
-24.512050731346037
-7.480899853390127
-98.28119287187289
13.236041978577177
49.669754202323844
-97.46606666476748
98.85844858310114
87.83680339708775
34.39657862037262
32.20549883889291
85.01065633493042
-33.967874447800156
-28.65907034308607
-27.412517986918104
-53.546457529788114
-34.80910823438741
-49.465834232729776
72.34241048448831
12.600526359211898
-67.21888853573188
-34.88882106490844
32.43538790030189
-54.42807290443595
-48.78058496340205
-90.07569681390919
92.87829734053383
28.790917121242217
32.944041273064926
-87.00772625720488
-5.950899844034993
80.1604485978188
-23.262168524443254
-92.0771849304797
71.64904827794481
-71.75039070274234
1.315956144275134
-77.65113421606418
-41.0783548565015
57.404433636648776
-32.41343765166282
-79.16509852705761
